execve(0, 0, 0) = 0
brk(0) = 94300606627840
mmap(0, 8192, 3, 34, 4294967295, 0) = 139861662793728
access(139861663028608, 4) = 18446744073709551614
openat(4294967196, 140731042776672, 524288, 0) = 18446744073709551614
newfstatat(4294967196, 140731042776672, 140731042776880, 0) = 18446744073709551614
openat(4294967196, 140731042776672, 524288, 0) = 18446744073709551614
newfstatat(4294967196, 140731042776672, 140731042776880, 0) = 18446744073709551614
openat(4294967196, 140731042776672, 524288, 0) = 18446744073709551614
newfstatat(4294967196, 140731042776672, 140731042776880, 0) = 0
openat(4294967196, 140731042776672, 524288, 0) = 18446744073709551614
newfstatat(4294967196, 140731042776672, 140731042776880, 0) = 18446744073709551614
openat(4294967196, 140731042776672, 524288, 0) = 18446744073709551614
newfstatat(4294967196, 140731042776672, 140731042776880, 0) = 18446744073709551614
openat(4294967196, 140731042776672, 524288, 0) = 18446744073709551614
newfstatat(4294967196, 140731042776672, 140731042776880, 0) = 0
openat(4294967196, 140731042776672, 524288, 0) = 18446744073709551614
newfstatat(4294967196, 140731042776672, 140731042776880, 0) = 18446744073709551614
openat(4294967196, 140731042776672, 524288, 0) = 18446744073709551614
newfstatat(4294967196, 140731042776672, 140731042776880, 0) = 18446744073709551614
openat(4294967196, 140731042776672, 524288, 0) = 3
read(3, 140731042777256, 832) = 832
newfstat(3, 140731042776880) = 0
mmap(0, 692744, 1, 2050, 3, 0) = 139861662097408
mmap(139861662171136, 524288, 5, 2066, 3, 73728) = 139861662171136
mmap(139861662695424, 86016, 1, 2066, 3, 598016) = 139861662695424
mmap(139861662781440, 12288, 3, 2066, 3, 679936) = 139861662781440
close(3) = 0
openat(4294967196, 140731042776624, 524288, 0) = 18446744073709551614
openat(4294967196, 140731042776624, 524288, 0) = 18446744073709551614
openat(4294967196, 140731042776624, 524288, 0) = 18446744073709551614
openat(4294967196, 140731042776624, 524288, 0) = 18446744073709551614
newfstatat(4294967196, 140731042776624, 140731042776848, 0) = 18446744073709551614
openat(4294967196, 140731042776624, 524288, 0) = 18446744073709551614
newfstatat(4294967196, 140731042776624, 140731042776848, 0) = 18446744073709551614
openat(4294967196, 140731042776624, 524288, 0) = 3
read(3, 140731042777224, 832) = 832
newfstat(3, 140731042776848) = 0
mmap(0, 6813608, 1, 2050, 3, 0) = 139861654765568
mmap(139861655744512, 4112384, 5, 2066, 3, 978944) = 139861655744512
mmap(139861659856896, 1179648, 1, 2066, 3, 5091328) = 139861659856896
mmap(139861661036544, 532480, 3, 2066, 3, 6266880) = 139861661036544
mmap(139861661569024, 10152, 3, 50, 4294967295, 0) = 139861661569024
close(3) = 0
openat(4294967196, 140731042776608, 524288, 0) = 3
read(3, 140731042777192, 832) = 832
newfstat(3, 140731042776816) = 0
mmap(0, 41008, 1, 2050, 3, 0) = 139861662052352
mmap(139861662060544, 20480, 5, 2066, 3, 8192) = 139861662060544
mmap(139861662081024, 8192, 1, 2066, 3, 28672) = 139861662081024
mmap(139861662089216, 8192, 3, 2066, 3, 32768) = 139861662089216
close(3) = 0
openat(4294967196, 140731042776576, 524288, 0) = 18446744073709551614
openat(4294967196, 140731042776576, 524288, 0) = 3
read(3, 140731042777160, 832) = 832
newfstat(3, 140731042776784) = 0
mmap(0, 28696, 1, 2050, 3, 0) = 139861662019584
mmap(139861662027776, 12288, 5, 2066, 3, 8192) = 139861662027776
mmap(139861662040064, 4096, 1, 2066, 3, 20480) = 139861662040064
mmap(139861662044160, 8192, 3, 2066, 3, 20480) = 139861662044160
close(3) = 0
openat(4294967196, 140731042776544, 524288, 0) = 18446744073709551614
openat(4294967196, 140731042776544, 524288, 0) = 18446744073709551614
openat(4294967196, 140731042776544, 524288, 0) = 18446744073709551614
openat(4294967196, 140731042776544, 524288, 0) = 18446744073709551614
openat(4294967196, 140731042776544, 524288, 0) = 18446744073709551614
newfstatat(4294967196, 140731042776544, 140731042776752, 0) = 18446744073709551614
openat(4294967196, 140731042776544, 524288, 0) = 18446744073709551614
newfstatat(4294967196, 140731042776544, 140731042776752, 0) = 18446744073709551614
openat(4294967196, 140731042776544, 524288, 0) = 3
read(3, 140731042777128, 832) = 832
pread64(3, 140731042775584, 840, 64) = 840
newfstat(3, 140731042776752) = 0
mmap(0, 8192, 3, 34, 4294967295, 0) = 139861662011392
pread64(3, 140731042775728, 840, 64) = 840
mmap(0, 2141776, 1, 2050, 3, 0) = 139861650571264
mmap(139861650735104, 1576960, 5, 2066, 3, 163840) = 139861650735104
mmap(139861652312064, 323584, 1, 2066, 3, 1740800) = 139861652312064
mmap(139861652635648, 24576, 3, 2066, 3, 2060288) = 139861652635648
mmap(139861652660224, 52816, 3, 50, 4294967295, 0) = 139861652660224
close(3) = 0
openat(4294967196, 140731042776512, 524288, 0) = 3
read(3, 140731042777096, 832) = 832
newfstat(3, 140731042776720) = 0
mmap(0, 16400, 1, 2050, 3, 0) = 139861661990912
mmap(139861661995008, 4096, 5, 2066, 3, 4096) = 139861661995008
mmap(139861661999104, 4096, 1, 2066, 3, 8192) = 139861661999104
mmap(139861662003200, 8192, 3, 2066, 3, 8192) = 139861662003200
close(3) = 0
openat(4294967196, 140731042776464, 524288, 0) = 3
read(3, 140731042777064, 832) = 832
newfstat(3, 140731042776688) = 0
mmap(0, 16400, 1, 2050, 3, 0) = 139861661970432
mmap(139861661974528, 4096, 5, 2066, 3, 4096) = 139861661974528
mmap(139861661978624, 4096, 1, 2066, 3, 8192) = 139861661978624
mmap(139861661982720, 8192, 3, 2066, 3, 8192) = 139861661982720
close(3) = 0
mmap(0, 8192, 3, 34, 4294967295, 0) = 139861661962240
arch_prctl(4098, 139861661965184) = 0
set_tid_address(139861661965904) = 214128
set_robust_list(139861661965920, 24) = 0
rseq(139861661964992, 32, 0, 1392848979) = 0
mprotect(139861652635648, 16384, 1) = 0
mprotect(139861661982720, 4096, 1) = 0
mprotect(139861662003200, 4096, 1) = 0
mprotect(139861662044160, 4096, 1) = 0
mprotect(139861662089216, 4096, 1) = 0
mprotect(139861661036544, 520192, 1) = 0
mprotect(139861662781440, 8192, 1) = 0
mprotect(94299733377024, 53248, 1) = 0
mprotect(139861663059968, 8192, 1) = 0
prlimit64(0, 3, 0, 140731042779808) = 0
getrandom(139861652681216, 8, 1) = 8
prctl(15, 140731042784931, 0, 0, 0) = 0
prctl(35, 8, 140731042784931, 0, 0) = 18446744073709551615
brk(0) = 94300606627840
brk(94300606763008) = 94300606763008
openat(4294967196, 140731042789101, 524288, 0) = 3
newfstat(3, 139861652658176) = 0
mmap(0, 3068768, 1, 2, 3, 0) = 139861646376960
close(3) = 0
ioctl(1, 2150388778, 140731042780080) = 18446744073709551591
openat(4294967196, 94300606654320, 591872, 0) = 3
newfstat(3, 140731042779040) = 0
getdents64(3, 94300606654400, 32768) = 272
getdents64(3, 94300606654400, 32768) = 0
close(3) = 0
newfstat(1, 140731042770432) = 0
ioctl(1, 2150388778, 140731042770352) = 18446744073709551591
write(1, 94300606654512, 55) = 55
close(1) = 0
close(2) = 0
